GFSX MOS (MEX)
 KVAY   GFSX MOS GUIDANCE   4/19/2019  1200 UTC                       
 FHR  24  36| 48  60| 72  84| 96 108|120 132|144 156|168 180|192      
      SAT 20| SUN 21| MON 22| TUE 23| WED 24| THU 25| FRI 26|SAT CLIMO
 N/X  65  74| 50  66| 48  68| 52  76| 55  72| 55  71| 50  65| 47 43 68
 TMP  68  63| 56  61| 54  63| 59  70| 59  64| 58  63| 53  58| 53      
 DPT  59  45| 50  44| 47  47| 51  50| 54  52| 53  48| 47  43| 43      
 CLD  OV  OV| OV  OV| OV  PC| CL  PC| PC  PC| OV  OV| OV  PC| CL      
 WND  10  10|  6   5|  1   6|  4   5|  4   7|  4   7|  6  15|  7      
 P12  99  19| 39  48| 34  29|  7  11| 19  42| 42  42| 33  23|  9999999
 P24      99|     55|     37|     11|     48|     56|     37|      999
 Q12   5   0|  0   1|  0   0|  0   0|  0   1|  1   1|       |         
 Q24       5|      1|      0|      0|      1|      2|       |         
 T12  44   2|  2  11|  2  12|  1   2|  4  21| 20  12|  4  11|  4      
 T24        |  4    | 16    | 15    |  4    | 37    | 18    | 17      
 PZP   0   0|  0   0|  0   0|  0   0|  0   0|  0   0|  1   0|  0      
 PSN   0   0|  0   0|  0   0|  0   0|  0   0|  0   1|  0   3|  7      
 PRS   0   0|  1   2|  1   0|  0   1|  1   1|  1   1|  2   1|  1      
 TYP   R   R|  R   R|  R   R|  R   R|  R   R|  R   R|  R   R|  R      
 SNW       0|      0|      0|      0|      0|      0|       |


