GFSX MOS (MEX)
 KPHL   GFSX MOS GUIDANCE   5/05/2019  1200 UTC
 FHR  24  36| 48  60| 72  84| 96 108|120 132|144 156|168 180|192
      MON 06| TUE 07| WED 08| THU 09| FRI 10| SAT 11| SUN 12|MON CLIMO
 N/X  52  75| 59  82| 58  69| 54  70| 62  78| 56  71| 54  66| 51 52 72
 TMP  56  70| 64  75| 60  65| 58  66| 67  69| 58  65| 58  61| 55
 DPT  48  48| 53  51| 46  40| 46  55| 58  49| 45  41| 46  43| 44
 CLD  OV  PC| CL  PC| OV  OV| OV  OV| OV  OV| CL  OV| OV  OV| OV
 WND  12   7|  5  11|  9  10|  8  14| 14  15| 13   8| 11  17| 13
 P12  82  15|  1  19| 40  18| 37  51| 51  46| 19  13| 40  42| 32 25 27
 P24      82|     21|     40|     51|     70|     20|     49|       39
 Q12   1   0|  0   0|  1   0|  1   2|  2   4|  0   0|       |
 Q24       1|      0|      0|      1|      3|      0|       |
 T12   5   3|  0  10| 14   6|  4  11| 25  34|  5   1|  3   6|  6
 T24        | 10    | 19    | 13    | 36    | 35    |  8    | 11
 PZP   0   0|  0   0|  0   0|  0   0|  0   0|  0   1|  1   1|  0
 PSN   0   0|  0   0|  0   1|  0   0|  0   1|  0   0|  0   0|  4
 PRS   0   0|  0   1|  1   0|  0   1|  1   1|  1   1|  2   3|  1
 TYP   R   R|  R   R|  R   R|  R   R|  R   R|  R   R|  R   R|  R
 SNW       0|      0|      0|      0|      0|      0|       |
